1
-40,233,107,1656350808.015169
-40,235,107,1656350808.015169
-40,230,108,1656350808.015169
-41,231,108,1656350808.015612
-41,229,106,1656350808.015612
-39,232,107,1656350808.015612
-43,233,106,1656350808.0349808
-42,234,105,1656350808.0349808
-41,233,109,1656350808.0349808
-41,233,106,1656350808.0355144
-41,230,104,1656350808.0355144
-38,233,104,1656350808.0355144
-41,231,106,1656350808.0363643
-44,236,106,1656350808.0363643
-39,235,103,1656350808.0363643
-43,231,105,1656350808.6751285
-41,235,105,1656350808.6751285
-41,231,108,1656350808.6751285
-38,230,106,1656350808.67562
-40,231,106,1656350808.67562
-41,232,106,1656350808.67562
-40,235,106,1656350808.6760778
-42,234,105,1656350808.6760778
-39,234,102,1656350808.6760778
-42,234,102,1656350808.6771169
-42,232,105,1656350808.6771169
-39,231,106,1656350808.6771169
-42,233,107,1656350808.6778605
-41,230,105,1656350808.6778605
-39,234,106,1656350808.6778605
-39,232,105,1656350809.3152337
-42,232,106,1656350809.3152337
-38,233,109,1656350809.3152337
-37,233,106,1656350809.3351302
-43,231,109,1656350809.3351302
-45,230,109,1656350809.3351302
-46,231,107,1656350809.3353264
-42,229,109,1656350809.3353264
-42,232,106,1656350809.3353264
-39,229,108,1656350809.33636
-41,230,107,1656350809.33636
-40,232,109,1656350809.33636
-39,227,111,1656350809.3367867
-39,232,111,1656350809.3367867
-43,228,111,1656350809.3367867
-46,229,109,1656350809.9751582
-44,234,111,1656350809.9751582
-45,230,110,1656350809.9751582
-42,229,114,1656350809.9754648
-45,230,110,1656350809.9754648
-40,236,111,1656350809.9754648
-43,233,112,1656350809.9762065
-43,230,110,1656350809.9762065
-45,226,116,1656350809.9762065
-43,229,115,1656350809.9767985
-44,226,114,1656350809.9767985
-46,227,116,1656350809.9767985
-46,225,115,1656350809.9950845
-43,227,117,1656350809.9950845
-43,228,121,1656350809.9950845
-50,213,122,1656350810.6149213
-38,233,117,1656350810.6149213
-24,242,113,1656350810.6149213
-15,268,117,1656350810.615399
36,266,110,1656350810.615399
21,226,96,1656350810.615399
-6,219,96,1656350810.6550198
-20,211,94,1656350810.6550198
-33,169,98,1656350810.6550198
-54,200,107,1656350810.6553273
-83,175,110,1656350810.6553273
-92,207,107,1656350810.6553273
-118,200,94,1656350810.6559553
-115,222,83,1656350810.6559553
-132,224,46,1656350810.6559553
-93,300,28,1656350811.2750156
-118,277,-2,1656350811.2750156
-108,263,-9,1656350811.2750156
-94,286,-5,1656350811.275533
-84,252,1,1656350811.275533
-55,258,-20,1656350811.275533
-34,240,-18,1656350811.2761123
2,259,-32,1656350811.2761123
55,322,-51,1656350811.2761123
21,219,-62,1656350811.2769027
8,226,-60,1656350811.2769027
-22,213,-51,1656350811.2769027
-19,303,-59,1656350811.2777433
-45,277,-74,1656350811.2777433
-35,256,-54,1656350811.2777433
-11,256,-52,1656350811.9151723
4,243,-66,1656350811.9151723
-12,245,-56,1656350811.9151723
-8,225,-74,1656350811.9351451
18,253,-74,1656350811.9351451
17,263,-76,1656350811.9351451
13,247,-54,1656350811.9356616
34,227,-55,1656350811.9356616
35,268,-75,1656350811.9356616
4,238,-70,1656350811.9361045
5,263,-57,1656350811.9361045
-1,256,-58,1656350811.9361045
2,256,-66,1656350811.9370844
0,249,-74,1656350811.9370844
-9,262,-59,1656350811.9370844
-9,212,-88,1656350812.575092
-13,255,-38,1656350812.575092
-14,241,-38,1656350812.575092
9,247,-44,1656350812.5754645
11,257,-44,1656350812.5754645
4,251,-32,1656350812.5754645
10,249,-17,1656350812.5950112
17,253,-24,1656350812.5950112
9,256,-33,1656350812.5950112
12,242,-18,1656350812.5954528
34,238,-5,1656350812.5954528
26,253,-26,1656350812.5954528
-12,279,-24,1656350812.5961597
48,263,-23,1656350812.5961597
41,239,-14,1656350812.5961597
39,263,-25,1656350813.2151737
31,263,-21,1656350813.2151737
29,251,-23,1656350813.2151737
30,255,-14,1656350813.2349901
27,255,-15,1656350813.2349901
31,258,-21,1656350813.2349901
32,258,-22,1656350813.2363417
34,256,-14,1656350813.2363417
29,256,-22,1656350813.2363417
35,259,-27,1656350813.274981
27,253,-22,1656350813.274981
26,257,-23,1656350813.274981
24,256,-21,1656350813.2754474
2,256,-41,1656350813.2754474
29,256,-23,1656350813.2754474
28,264,-28,1656350813.8750408
20,262,-29,1656350813.8750408
32,263,-27,1656350813.8750408
31,252,-23,1656350813.8754067
26,246,-28,1656350813.8754067
28,255,-39,1656350813.8754067
26,251,-34,1656350813.876118
28,250,-29,1656350813.876118
24,254,-35,1656350813.876118
29,256,-41,1656350813.8768554
26,253,-39,1656350813.8768554
26,259,-30,1656350813.8768554
26,260,-35,1656350813.8949177
24,254,-33,1656350813.8949177
26,253,-34,1656350813.8949177
22,252,-30,1656350814.535114
27,252,-34,1656350814.535114
25,255,-37,1656350814.535114
25,258,-37,1656350814.5354161
68,241,-19,1656350814.5354161
-50,266,-58,1656350814.5354161
24,278,-36,1656350814.5361238
23,262,-32,1656350814.5361238
30,255,-37,1656350814.5361238
20,252,-38,1656350814.5367157
21,251,-32,1656350814.5367157
27,260,-36,1656350814.5367157
20,252,-39,1656350814.5378067
21,258,-35,1656350814.5378067
21,251,-37,1656350814.5378067
23,255,-36,1656350815.1751647
22,253,-37,1656350815.1751647
22,256,-40,1656350815.1751647
-13,265,-41,1656350815.1754162
7,270,-34,1656350815.1754162
28,253,-32,1656350815.1754162
23,252,-36,1656350815.1762002
24,254,-46,1656350815.1762002
18,256,-44,1656350815.1762002
25,256,-35,1656350815.176897
24,257,-29,1656350815.176897
22,253,-40,1656350815.176897
23,257,-38,1656350815.1776092
22,253,-33,1656350815.1776092
19,255,-36,1656350815.1776092
10,244,-38,1656350815.821804
20,260,-44,1656350815.821804
17,256,-38,1656350815.821804
15,254,-34,1656350815.8549573
12,255,-42,1656350815.8549573
15,252,-37,1656350815.8549573
9,248,-40,1656350815.8555605
-3,251,-48,1656350815.8555605
7,278,-52,1656350815.8555605
18,233,-50,1656350815.8560348
11,254,-42,1656350815.8560348
-4,244,-52,1656350815.8560348
10,265,-54,1656350815.8568695
26,260,-57,1656350815.8568695
12,254,-54,1656350815.8568695
10,248,-63,1656350816.4751196
13,252,-63,1656350816.4751196
6,266,-60,1656350816.4751196
10,247,-62,1656350816.4756615
5,249,-66,1656350816.4756615
6,256,-58,1656350816.4756615
18,257,-56,1656350816.4762187
12,251,-55,1656350816.4762187
10,254,-60,1656350816.4762187
11,248,-58,1656350816.4771779
14,252,-51,1656350816.4771779
17,244,-43,1656350816.4771779
16,245,-49,1656350816.495106
13,256,-68,1656350816.495106
13,251,-50,1656350816.495106
15,253,-55,1656350817.1159127
17,249,-56,1656350817.1159127
17,251,-56,1656350817.1159127
21,245,-55,1656350817.1162407
28,261,-59,1656350817.1162407
21,261,-53,1656350817.1162407
15,247,-56,1656350817.155
12,245,-55,1656350817.155
14,247,-61,1656350817.155
17,246,-63,1656350817.1556063
14,249,-64,1656350817.1556063
18,249,-67,1656350817.1556063
10,253,-67,1656350817.1564353
13,248,-63,1656350817.1564353
11,245,-71,1656350817.1564353
18,252,-62,1656350817.775165
17,244,-67,1656350817.775165
21,252,-59,1656350817.775165
18,253,-59,1656350817.775681
23,252,-66,1656350817.775681
20,245,-58,1656350817.775681
25,249,-47,1656350817.7761824
17,254,-63,1656350817.7761824
16,252,-57,1656350817.7761824
18,251,-39,1656350817.7837112
15,252,-49,1656350817.7837112
15,259,-62,1656350817.7837112
23,256,-61,1656350817.815091
14,251,-44,1656350817.815091
19,252,-48,1656350817.815091
21,251,-52,1656350818.4352407
20,250,-53,1656350818.4352407
22,263,-59,1656350818.4352407
26,256,-46,1656350818.4355667
18,253,-53,1656350818.4355667
21,247,-51,1656350818.4355667
31,246,-45,1656350818.4364562
26,259,-49,1656350818.4364562
23,251,-48,1656350818.4364562
24,249,-52,1656350818.4369237
28,250,-56,1656350818.4369237
39,197,-51,1656350818.4369237
21,242,-54,1656350818.4379444
28,254,-59,1656350818.4379444
31,258,-52,1656350818.4379444
28,255,-53,1656350819.075262
25,262,-56,1656350819.075262
27,251,-47,1656350819.075262
17,254,-49,1656350819.0755737
9,254,-42,1656350819.0755737
5,260,-48,1656350819.0755737
14,269,-41,1656350819.0764632
13,257,-29,1656350819.0764632
14,252,-34,1656350819.0764632
19,293,-10,1656350819.077015
6,260,-44,1656350819.077015
-2,263,-21,1656350819.077015
18,281,-7,1656350819.0779634
6,298,-8,1656350819.0779634
-18,248,-1,1656350819.0779634
-61,275,47,1656350819.7152162
-63,222,34,1656350819.7152162
-19,209,42,1656350819.7152162
-27,196,34,1656350819.7351081
-31,223,31,1656350819.7351081
-9,207,33,1656350819.7351081
61,216,17,1656350819.735751
65,217,54,1656350819.735751
53,253,37,1656350819.735751
12,300,56,1656350819.7363148
31,276,64,1656350819.7363148
3,262,40,1656350819.7363148
10,267,47,1656350819.7371936
14,260,40,1656350819.7371936
35,242,40,1656350819.7371936
39,259,49,1656350820.395161
28,277,40,1656350820.395161
20,262,36,1656350820.395161
11,253,26,1656350820.39569
9,256,19,1656350820.39569
30,254,12,1656350820.39569
11,257,8,1656350820.396385
6,260,6,1656350820.396385
9,261,9,1656350820.396385
12,264,21,1656350820.3972168
14,262,19,1656350820.3972168
10,259,12,1656350820.3972168
9,249,7,1656350820.3978357
7,256,5,1656350820.3978357
13,262,5,1656350820.3978357
18,265,10,1656350821.0151348
12,256,12,1656350821.0151348
12,249,11,1656350821.0151348
14,265,7,1656350821.0351195
12,259,7,1656350821.0351195
9,260,9,1656350821.0351195
10,253,5,1656350821.0355165
8,258,10,1656350821.0355165
8,257,5,1656350821.0355165
10,255,8,1656350821.036525
2,258,11,1656350821.036525
6,257,12,1656350821.036525
6,259,13,1656350821.0368087
9,259,6,1656350821.0368087
5,259,11,1656350821.0368087
12,259,12,1656350821.675204
9,260,4,1656350821.675204
8,259,7,1656350821.675204
6,258,6,1656350821.6757197
5,257,7,1656350821.6757197
4,258,6,1656350821.6757197
7,254,7,1656350821.6761117
7,256,5,1656350821.6761117
1,256,5,1656350821.6761117
3,255,4,1656350821.6769714
1,259,5,1656350821.6769714
4,256,7,1656350821.6769714
4,259,6,1656350821.6951246
5,260,10,1656350821.6951246
7,257,13,1656350821.6951246
7,260,13,1656350822.3352525
6,256,11,1656350822.3352525
9,262,11,1656350822.3352525
6,257,9,1656350822.3356147
6,258,8,1656350822.3356147
2,256,3,1656350822.3356147
1,250,-1,1656350822.3365204
0,257,1,1656350822.3365204
3,257,1,1656350822.3365204
4,259,10,1656350822.3369446
5,261,11,1656350822.3369446
6,257,14,1656350822.3369446
4,256,15,1656350822.3379638
5,260,12,1656350822.3379638
7,260,11,1656350822.3379638
5,254,10,1656350822.9751797
3,258,13,1656350822.9751797
6,257,12,1656350822.9751797
5,259,13,1656350822.97574
7,257,11,1656350822.97574
6,254,13,1656350822.97574
6,255,15,1656350822.9763162
3,259,16,1656350822.9763162
7,255,16,1656350822.9763162
10,260,12,1656350822.9951332
6,258,10,1656350822.9951332
3,255,12,1656350822.9951332
5,261,7,1656350822.995608
5,259,11,1656350822.995608
4,258,13,1656350822.995608
5,254,15,1656350823.6352057
8,256,12,1656350823.6352057
6,259,17,1656350823.6352057
5,259,13,1656350823.655121
6,258,17,1656350823.655121
4,257,16,1656350823.655121
7,255,13,1656350823.6557376
9,263,17,1656350823.6557376
4,258,16,1656350823.6557376
6,257,9,1656350823.6561298
5,259,8,1656350823.6561298
6,257,13,1656350823.6561298
6,256,13,1656350823.6571133
5,257,13,1656350823.6571133
3,256,15,1656350823.6571133
2,257,17,1656350824.2752492
6,258,17,1656350824.2752492
7,258,18,1656350824.2752492
8,260,19,1656350824.2755415
6,256,18,1656350824.2755415
8,257,16,1656350824.2755415
9,258,12,1656350824.2765176
7,257,11,1656350824.2765176
6,260,11,1656350824.2765176
5,261,15,1656350824.2951186
7,256,16,1656350824.2951186
5,256,15,1656350824.2951186
4,257,15,1656350824.295772
8,258,14,1656350824.295772
6,259,12,1656350824.295772
3,256,9,1656350824.9219246
5,256,12,1656350824.9219246
3,263,15,1656350824.9219246
3,260,18,1656350824.9350138
8,261,22,1656350824.9350138
8,257,22,1656350824.9350138
6,254,18,1656350824.9355266
9,261,16,1656350824.9355266
6,259,12,1656350824.9355266
5,261,10,1656350824.9363964
7,261,6,1656350824.9363964
4,256,7,1656350824.9363964
0,255,9,1656350824.936904
4,253,10,1656350824.936904
8,259,14,1656350824.936904
7,260,16,1656350825.5752158
6,258,16,1656350825.5752158
2,254,12,1656350825.5752158
3,257,9,1656350825.5757327
5,257,7,1656350825.5757327
1,258,9,1656350825.5757327
3,256,7,1656350825.5765789
4,257,10,1656350825.5765789
6,262,14,1656350825.5765789
5,257,16,1656350825.5951648
7,256,17,1656350825.5951648
4,257,13,1656350825.5951648
4,260,15,1656350825.5956862
6,258,10,1656350825.5956862
3,252,9,1656350825.5956862
5,258,13,1656350826.215309
6,256,14,1656350826.215309
7,259,15,1656350826.215309
5,256,16,1656350826.2351549
9,256,15,1656350826.2351549
4,257,18,1656350826.2351549
1,257,16,1656350826.2355034
3,258,12,1656350826.2355034
3,257,8,1656350826.2355034
6,258,13,1656350826.2362518
4,256,15,1656350826.2362518
3,255,18,1656350826.2362518
5,257,17,1656350826.23692
4,261,15,1656350826.23692
4,259,15,1656350826.23692
2,257,6,1656350826.8751533
7,261,5,1656350826.8751533
2,258,10,1656350826.8751533
-1,256,10,1656350826.8756096
-3,258,7,1656350826.8756096
2,256,9,1656350826.8756096
5,258,7,1656350826.8763447
-3,258,5,1656350826.8763447
-5,254,7,1656350826.8763447
-1,258,4,1656350826.8770673
-1,258,5,1656350826.8770673
1,254,3,1656350826.8770673
2,257,7,1656350826.8951557
0,259,8,1656350826.8951557
-2,257,9,1656350826.8951557
-2,259,3,1656350827.5352805
0,259,1,1656350827.5352805
-1,260,5,1656350827.5352805
0,259,2,1656350827.5356247
2,261,9,1656350827.5356247
2,259,6,1656350827.5356247
2,254,6,1656350827.536318
-1,258,11,1656350827.536318
1,259,8,1656350827.536318
3,260,8,1656350827.536999
0,258,7,1656350827.536999
1,257,9,1656350827.536999
0,256,7,1656350827.5377083
-1,257,7,1656350827.5377083
2,258,8,1656350827.5377083
5,256,9,1656350828.1752968
3,258,10,1656350828.1752968
-1,262,8,1656350828.1752968
-1,258,6,1656350828.175723
1,258,6,1656350828.175723
2,261,7,1656350828.175723
4,260,6,1656350828.1762927
3,256,10,1656350828.1762927
-1,255,10,1656350828.1762927
6,259,7,1656350828.1771305
2,260,10,1656350828.1771305
3,263,11,1656350828.1771305
0,259,7,1656350828.1777792
5,262,9,1656350828.1777792
1,258,6,1656350828.1777792
2,259,6,1656350828.8153818
2,254,6,1656350828.8153818
2,256,10,1656350828.8153818
3,259,10,1656350828.835177
2,259,9,1656350828.835177
0,258,7,1656350828.835177
4,254,8,1656350828.8357399
3,257,6,1656350828.8357399
0,255,7,1656350828.8357399
4,258,10,1656350828.8365853
1,259,8,1656350828.8365853
5,259,10,1656350828.8365853
3,258,10,1656350828.8370347
-2,255,7,1656350828.8370347
3,257,9,1656350828.8370347
2,255,9,1656350829.475337
4,258,11,1656350829.475337
6,254,12,1656350829.475337
3,260,11,1656350829.475676
2,255,12,1656350829.475676
5,258,9,1656350829.475676
5,255,12,1656350829.4765956
6,256,13,1656350829.4765956
4,254,8,1656350829.4765956
2,260,11,1656350829.4951775
-1,258,10,1656350829.4951775
2,257,12,1656350829.4951775
1,258,10,1656350829.4957905
1,260,6,1656350829.4957905
4,258,11,1656350829.4957905
0,259,7,1656350830.115425
2,260,8,1656350830.115425
2,259,9,1656350830.115425
1,261,11,1656350830.1351182
-6,258,2,1656350830.1351182
3,256,9,1656350830.1351182
-1,267,7,1656350830.1358573
-9,253,2,1656350830.1358573
-6,260,-1,1656350830.1358573
-10,249,-1,1656350830.1361918
-7,254,-6,1656350830.1361918
-12,256,-5,1656350830.1361918
-7,264,-8,1656350830.1372092
-6,259,1,1656350830.1372092
-3,253,0,1656350830.1372092
2,268,-12,1656350830.775333
-11,263,-12,1656350830.775333
-12,265,-4,1656350830.775333
-18,272,-9,1656350830.7755616
-22,262,-13,1656350830.7755616
-23,251,-22,1656350830.7755616
6,235,-20,1656350830.776542
30,253,-20,1656350830.776542
6,264,-31,1656350830.776542
1,262,-45,1656350830.7951183
-8,259,-45,1656350830.7951183
-2,257,-45,1656350830.7951183
2,261,-46,1656350830.7955437
0,254,-43,1656350830.7955437
-2,256,-31,1656350830.7955437
-4,253,-23,1656350831.415237
-2,261,-27,1656350831.415237
0,258,-34,1656350831.415237
-9,249,-35,1656350831.43509
-8,251,-42,1656350831.43509
-10,257,-41,1656350831.43509
-14,252,-37,1656350831.4356158
-14,255,-34,1656350831.4356158
-12,258,-32,1656350831.4356158
-11,254,-29,1656350831.4364877
-10,259,-29,1656350831.4364877
-11,258,-33,1656350831.4364877
-12,257,-28,1656350831.4369602
-12,258,-27,1656350831.4369602
-13,260,-26,1656350831.4369602
-12,255,-31,1656350832.095168
-10,256,-36,1656350832.095168
-11,255,-31,1656350832.095168
-14,258,-36,1656350832.0960243
-15,252,-33,1656350832.0960243
-15,255,-32,1656350832.0960243
-14,255,-29,1656350832.0962508
-16,254,-32,1656350832.0962508
-11,255,-33,1656350832.0962508
76,1656350832.096932
-14,254,-31,1656350832.0974493
-14,257,-33,1656350832.0974493
-14,255,-32,1656350832.0974493
-14,255,-36,1656350832.0983553
-15,255,-33,1656350832.0983553
-12,258,-35,1656350832.0983553
-12,256,-31,1656350832.7152498
-10,257,-33,1656350832.7152498
-12,254,-31,1656350832.7152498
-13,257,-32,1656350832.7352226
-13,256,-31,1656350832.7352226
-19,259,-32,1656350832.7352226
-12,255,-33,1656350832.7359052
-11,255,-31,1656350832.7359052
-13,254,-32,1656350832.7359052
-13,255,-30,1656350832.736425
-16,258,-32,1656350832.736425
-15,256,-33,1656350832.736425
-12,259,-31,1656350832.7372668
-15,253,-32,1656350832.7372668
-11,255,-31,1656350832.7372668
-12,255,-32,1656350833.3752384
-14,257,-28,1656350833.3752384
-10,257,-31,1656350833.3752384
-13,257,-32,1656350833.3757308
-14,257,-31,1656350833.3757308
-10,256,-32,1656350833.3757308
-10,256,-30,1656350833.3959086
-16,255,-32,1656350833.3959086
-12,259,-28,1656350833.3959086
-14,259,-32,1656350833.3963785
-15,254,-31,1656350833.3963785
-12,255,-30,1656350833.3963785
-11,255,-32,1656350833.397183
-11,257,-31,1656350833.397183
-12,258,-30,1656350833.397183
-10,253,-28,1656350834.0353603
-9,254,-28,1656350834.0353603
-13,257,-30,1656350834.0353603
75,1656350834.0355015
-7,258,-33,1656350834.0362694
-10,256,-30,1656350834.0362694
-15,256,-30,1656350834.0362694
-12,256,-30,1656350834.0367813
-12,254,-27,1656350834.0367813
-14,256,-30,1656350834.0367813
-13,255,-31,1656350834.0376909
-12,254,-28,1656350834.0376909
-10,256,-33,1656350834.0376909
-12,257,-32,1656350834.0383008
-15,259,-32,1656350834.0383008
-10,257,-32,1656350834.0383008
-13,257,-30,1656350834.675259
-14,255,-29,1656350834.675259
-11,252,-31,1656350834.675259
-12,258,-29,1656350834.6758173
-14,254,-31,1656350834.6758173
-14,254,-28,1656350834.6758173
-14,259,-31,1656350834.6952317
-11,260,-31,1656350834.6952317
-12,257,-29,1656350834.6952317
-13,256,-30,1656350834.6959126
-10,257,-28,1656350834.6959126
-13,256,-32,1656350834.6959126
-11,257,-30,1656350834.696428
-12,257,-33,1656350834.696428
-11,253,-30,1656350834.696428
-14,256,-31,1656350835.3154678
-12,254,-33,1656350835.3154678
-11,255,-30,1656350835.3154678
-13,255,-29,1656350835.3353088
-9,256,-29,1656350835.3353088
-9,254,-30,1656350835.3353088
-12,257,-30,1656350835.335666
-13,255,-30,1656350835.335666
-15,251,-29,1656350835.335666
-13,257,-31,1656350835.3364918
-11,254,-30,1656350835.3364918
-12,255,-27,1656350835.3364918
-12,258,-31,1656350835.33723
-10,260,-30,1656350835.33723
-14,258,-29,1656350835.33723
-11,254,-28,1656350835.975029
-11,252,-28,1656350835.975029
-14,254,-30,1656350835.975029
-15,258,-30,1656350835.9755542
-11,256,-29,1656350835.9755542
-11,254,-31,1656350835.9755542
-12,256,-28,1656350835.9762793
-13,256,-28,1656350835.9762793
-10,258,-30,1656350835.9762793
-12,259,-30,1656350835.9950275
-10,259,-31,1656350835.9950275
-13,258,-32,1656350835.9950275
-12,258,-30,1656350835.9955597
-12,256,-29,1656350835.9955597
-13,257,-29,1656350835.9955597
-12,255,-29,1656350836.6153316
-15,254,-33,1656350836.6153316
-13,256,-33,1656350836.6153316
-16,255,-34,1656350836.6353471
-11,255,-29,1656350836.6353471
-14,258,-30,1656350836.6353471
-11,259,-29,1656350836.635612
-10,255,-29,1656350836.635612
-12,254,-31,1656350836.635612
-11,255,-33,1656350836.6365187
-15,257,-34,1656350836.6365187
-11,256,-30,1656350836.6365187
-10,258,-30,1656350836.6370776
-10,254,-31,1656350836.6370776
-12,254,-32,1656350836.6370776
-14,256,-30,1656350837.2752867
-13,255,-29,1656350837.2752867
-11,255,-29,1656350837.2752867
-12,257,-29,1656350837.2757266
-12,255,-33,1656350837.2757266
-12,256,-32,1656350837.2757266
-10,256,-29,1656350837.2764542
-16,253,-30,1656350837.2764542
-10,257,-31,1656350837.2764542
-13,257,-30,1656350837.2770932
-13,257,-29,1656350837.2770932
-14,254,-29,1656350837.2770932
-11,256,-33,1656350837.2778237
-15,253,-31,1656350837.2778237
-13,261,-29,1656350837.2778237
-12,254,-28,1656350837.915115
-13,256,-32,1656350837.915115
-11,257,-31,1656350837.915115
-14,258,-30,1656350837.915721
-15,253,-31,1656350837.915721
-13,257,-30,1656350837.915721
-13,255,-31,1656350837.935273
-13,254,-30,1656350837.935273
-9,254,-28,1656350837.935273
-16,256,-30,1656350837.9356933
-14,257,-30,1656350837.9356933
-15,253,-29,1656350837.9356933
-13,253,-28,1656350837.9366364
-12,256,-28,1656350837.9366364
-10,260,-32,1656350837.9366364
-13,255,-31,1656350838.5753143
-13,257,-31,1656350838.5753143
-12,258,-31,1656350838.5753143
75,1656350838.5754616
-13,257,-29,1656350838.5765433
-12,256,-26,1656350838.5765433
-9,258,-30,1656350838.5765433
-10,254,-29,1656350838.5953336
-12,259,-31,1656350838.5953336
-11,254,-30,1656350838.5953336
-11,255,-29,1656350838.6153207
-12,258,-29,1656350838.6153207
-10,255,-30,1656350838.6153207
-11,256,-26,1656350838.615783
-10,255,-28,1656350838.615783
-11,255,-28,1656350838.615783
-13,256,-29,1656350839.2152069
-10,260,-29,1656350839.2152069
-14,256,-29,1656350839.2152069
-13,254,-30,1656350839.2352996
-17,252,-29,1656350839.2352996
-10,254,-30,1656350839.2352996
-11,253,-28,1656350839.2356706
-14,256,-30,1656350839.2356706
-13,256,-30,1656350839.2356706
-13,256,-30,1656350839.236498
-13,256,-33,1656350839.236498
-15,256,-31,1656350839.236498
-12,261,-28,1656350839.2369819
-11,256,-31,1656350839.2369819
-13,255,-30,1656350839.2369819
-9,253,-33,1656350839.8752944
-14,257,-33,1656350839.8752944
-10,252,-30,1656350839.8752944
-12,256,-30,1656350839.875747
-11,255,-30,1656350839.875747
-12,259,-30,1656350839.875747
-13,256,-31,1656350839.8765938
-12,258,-30,1656350839.8765938
-11,259,-31,1656350839.8765938
-11,255,-31,1656350839.8952408
-13,257,-30,1656350839.8952408
-13,257,-31,1656350839.8952408
-12,255,-32,1656350839.8959699
-13,258,-32,1656350839.8959699
-13,257,-32,1656350839.8959699
-13,255,-31,1656350840.5153844
-14,259,-34,1656350840.5153844
-13,258,-32,1656350840.5153844
-12,256,-33,1656350840.5353136
-12,255,-31,1656350840.5353136
-11,256,-30,1656350840.5353136
-9,256,-33,1656350840.5357409
-12,256,-33,1656350840.5357409
-11,254,-32,1656350840.5357409
-10,256,-32,1656350840.5371914
-12,256,-31,1656350840.5371914
-12,256,-30,1656350840.5371914
-13,256,-30,1656350840.537284
-15,256,-30,1656350840.537284
-12,256,-30,1656350840.537284
-12,256,-35,1656350841.1753812
-16,257,-32,1656350841.1753812
-10,256,-30,1656350841.1753812
-11,257,-29,1656350841.1757598
-12,255,-29,1656350841.1757598
-16,252,-32,1656350841.1757598
-14,256,-32,1656350841.1766331
-12,254,-30,1656350841.1766331
-12,257,-31,1656350841.1766331
-15,257,-30,1656350841.1772883
-13,257,-33,1656350841.1772883
-11,258,-30,1656350841.1772883
-12,259,-29,1656350841.1953065
-11,256,-30,1656350841.1953065
-10,257,-30,1656350841.1953065
73,1656350841.8219228
-12,257,-31,1656350841.8353274
-10,253,-26,1656350841.8353274
-11,255,-30,1656350841.8353274
-12,254,-29,1656350841.8357491
-13,257,-31,1656350841.8357491
-15,256,-32,1656350841.8357491
-10,255,-30,1656350841.8366709
-13,258,-31,1656350841.8366709
-13,257,-30,1656350841.8366709
-15,256,-29,1656350841.837207
-16,255,-29,1656350841.837207
-11,258,-29,1656350841.837207
-14,258,-28,1656350841.8378327
-8,254,-33,1656350841.8378327
-14,258,-32,1656350841.8378327
71,1656350842.4752426
-15,258,-30,1656350842.4757893
-6,257,-25,1656350842.4757893
-12,254,-30,1656350842.4757893
-12,256,-30,1656350842.4953978
-12,255,-30,1656350842.4953978
-16,257,-33,1656350842.4953978
-13,253,-26,1656350842.495779
-10,257,-30,1656350842.495779
-10,258,-30,1656350842.495779
-15,255,-31,1656350842.4966044
-12,256,-31,1656350842.4966044
-15,256,-32,1656350842.4966044
-13,258,-30,1656350842.4972181
-10,258,-31,1656350842.4972181
-12,256,-29,1656350842.4972181
-13,255,-33,1656350843.1353476
-12,257,-33,1656350843.1353476
-10,257,-29,1656350843.1353476
-10,253,-29,1656350843.135786
-11,256,-29,1656350843.135786
-14,253,-32,1656350843.135786
-14,252,-31,1656350843.1366837
-16,258,-33,1656350843.1366837
-12,258,-31,1656350843.1366837
-12,260,-32,1656350843.1371245
-11,255,-31,1656350843.1371245
-13,255,-27,1656350843.1371245
-10,258,-29,1656350843.1382318
-9,256,-33,1656350843.1382318
-14,257,-35,1656350843.1382318
-13,258,-30,1656350843.795505
-10,258,-31,1656350843.795505
-12,254,-30,1656350843.795505
-14,257,-30,1656350843.795836
-10,256,-28,1656350843.795836
-15,258,-28,1656350843.795836
-9,255,-30,1656350843.7966459
-12,256,-25,1656350843.7966459
-13,255,-27,1656350843.7966459
-14,256,-30,1656350843.7972112
-10,257,-30,1656350843.7972112
-11,257,-26,1656350843.7972112
-11,258,-29,1656350843.7981973
-10,254,-27,1656350843.7981973
-11,259,-27,1656350843.7981973
70,1656350843.7991862
-12,256,-28,1656350844.4154077
-13,256,-29,1656350844.4154077
-12,258,-33,1656350844.4154077
-8,256,-33,1656350844.4354103
-12,256,-30,1656350844.4354103
-11,255,-32,1656350844.4354103
-14,253,-29,1656350844.4359434
-10,257,-31,1656350844.4359434
-12,256,-29,1656350844.4359434
-14,254,-33,1656350844.4365323
-13,251,-27,1656350844.4365323
-13,256,-30,1656350844.4365323
-14,255,-28,1656350844.437389
-13,256,-28,1656350844.437389
-9,255,-29,1656350844.437389
68,1656350845.0752647
-11,257,-26,1656350845.0758007
-16,260,-29,1656350845.0758007
-13,253,-29,1656350845.0758007
-12,258,-30,1656350845.0766532
-14,259,-28,1656350845.0766532
-13,255,-28,1656350845.0766532
-10,255,-27,1656350845.09531
-12,260,-25,1656350845.09531
-12,257,-28,1656350845.09531
-13,257,-27,1656350845.0958648
-13,258,-24,1656350845.0958648
-14,256,-30,1656350845.0958648
-11,256,-27,1656350845.0967119
-12,254,-25,1656350845.0967119
-14,256,-25,1656350845.0967119
-14,253,-28,1656350845.7155907
-10,255,-26,1656350845.7155907
-12,256,-27,1656350845.7155907
-12,257,-26,1656350845.7352948
-13,258,-25,1656350845.7352948
-11,259,-27,1656350845.7352948
-16,254,-26,1656350845.7358322
-11,254,-28,1656350845.7358322
-8,255,-30,1656350845.7358322
-14,257,-24,1656350845.7553895
-11,260,-27,1656350845.7553895
-12,256,-25,1656350845.7553895
-11,254,-27,1656350845.755797
-12,257,-27,1656350845.755797
-11,256,-26,1656350845.755797
-13,257,-27,1656350846.375538
-10,260,-27,1656350846.375538
-14,257,-26,1656350846.375538
-13,254,-28,1656350846.3757484
-11,255,-28,1656350846.3757484
-13,257,-31,1656350846.3757484
-8,258,-26,1656350846.3765953
-11,259,-26,1656350846.3765953
-12,255,-26,1656350846.3765953
-9,259,-29,1656350846.3953936
-9,255,-27,1656350846.3953936
-11,259,-28,1656350846.3953936
-11,254,-28,1656350846.395713
-11,257,-28,1656350846.395713
-11,257,-26,1656350846.395713
-15,256,-25,1656350847.0153618
-8,256,-25,1656350847.0153618
-11,255,-27,1656350847.0153618
66,1656350847.0158212
-9,257,-25,1656350847.0354507
-9,255,-26,1656350847.0354507
-11,257,-26,1656350847.0354507
-11,257,-28,1656350847.0359251
-10,259,-26,1656350847.0359251
-9,255,-26,1656350847.0359251
-7,257,-23,1656350847.0367873
-11,257,-26,1656350847.0367873
-15,256,-29,1656350847.0367873
-7,258,-24,1656350847.0370793
-12,257,-23,1656350847.0370793
-14,258,-26,1656350847.0370793
64,1656350847.675251
-11,255,-26,1656350847.6758072
-12,258,-25,1656350847.6758072
-9,254,-27,1656350847.6758072
-8,258,-25,1656350847.6766438
-9,258,-26,1656350847.6766438
-10,257,-23,1656350847.6766438
-8,259,-24,1656350847.6771944
-10,255,-27,1656350847.6771944
-13,259,-30,1656350847.6771944
-10,258,-28,1656350847.6953855
-11,260,-28,1656350847.6953855
-12,257,-26,1656350847.6953855
-6,255,-25,1656350847.6959395
-11,255,-27,1656350847.6959395
-10,257,-28,1656350847.6959395
-11,259,-27,1656350848.3154228
-7,258,-25,1656350848.3154228
-9,257,-27,1656350848.3154228
-9,254,-25,1656350848.315979
-9,260,-28,1656350848.315979
-9,254,-28,1656350848.315979
-13,253,-26,1656350848.335375
-13,258,-28,1656350848.335375
-10,257,-25,1656350848.335375
-8,256,-27,1656350848.3360183
-12,254,-28,1656350848.3360183
-7,257,-25,1656350848.3360183
-9,257,-30,1656350848.3365855
-6,253,-29,1656350848.3365855
-9,257,-27,1656350848.3365855
-8,257,-27,1656350848.9757986
-8,258,-27,1656350848.9757986
-11,258,-27,1656350848.9757986
-7,255,-26,1656350848.9763994
-11,257,-27,1656350848.9763994
-7,258,-25,1656350848.9763994
-11,258,-25,1656350848.9772496
-12,258,-25,1656350848.9772496
-8,257,-27,1656350848.9772496
-9,257,-25,1656350848.995398
-10,256,-26,1656350848.995398
-9,256,-29,1656350848.995398
-10,256,-27,1656350848.995949
-8,256,-28,1656350848.995949
-8,255,-26,1656350848.995949
-11,259,-26,1656350849.615485
-9,259,-26,1656350849.615485
-6,256,-25,1656350849.615485
-13,260,-26,1656350849.6354666
-15,257,-26,1656350849.6354666
-10,256,-24,1656350849.6354666
-11,258,-28,1656350849.6357398
-11,254,-25,1656350849.6357398
-8,255,-22,1656350849.6357398
-6,256,-28,1656350849.6367695
-6,259,-26,1656350849.6367695
-10,261,-25,1656350849.6367695
-14,256,-24,1656350849.637329
-9,260,-25,1656350849.637329
-9,254,-24,1656350849.637329
-9,258,-25,1656350850.2755406
-11,259,-23,1656350850.2755406
-8,256,-24,1656350850.2755406
-8,256,-26,1656350850.2759159
-10,256,-24,1656350850.2759159
-10,260,-26,1656350850.2759159
-8,256,-26,1656350850.2768095
-9,255,-24,1656350850.2768095
-9,258,-26,1656350850.2768095
-11,257,-25,1656350850.2841282
-11,260,-24,1656350850.2841282
-11,253,-23,1656350850.2841282
-10,259,-23,1656350850.2955213
-7,257,-22,1656350850.2955213
-7,255,-27,1656350850.2955213
-7,256,-25,1656350850.9156678
-9,257,-23,1656350850.9156678
-8,260,-27,1656350850.9156678
-10,253,-25,1656350850.9354978
-12,257,-27,1656350850.9354978
-11,256,-26,1656350850.9354978
59,1656350850.9356043
-11,257,-22,1656350850.936668
-8,259,-25,1656350850.936668
-8,256,-27,1656350850.936668
-6,252,-26,1656350850.937217
-8,258,-20,1656350850.937217
-12,254,-21,1656350850.937217
-8,259,-26,1656350850.9377606
-8,254,-23,1656350850.9377606
-12,258,-25,1656350850.9377606
-6,256,-26,1656350851.57557
-7,255,-23,1656350851.57557
-10,255,-23,1656350851.57557
-11,253,-26,1656350851.5757868
-9,254,-25,1656350851.5757868
-9,257,-25,1656350851.5757868
-8,259,-24,1656350851.5767658
-11,254,-25,1656350851.5767658
-11,257,-26,1656350851.5767658
58,1656350851.5770156
-9,257,-28,1656350851.615479
-7,256,-25,1656350851.615479
-10,257,-25,1656350851.615479
-10,253,-24,1656350851.615944
-13,256,-24,1656350851.615944
-10,256,-22,1656350851.615944
-10,260,-29,1656350852.215613
-10,256,-27,1656350852.215613
-7,256,-26,1656350852.215613
-9,258,-24,1656350852.2354655
-8,257,-23,1656350852.2354655
-9,258,-25,1656350852.2354655
-10,258,-23,1656350852.2360265
-11,256,-26,1656350852.2360265
-7,257,-24,1656350852.2360265
-12,253,-25,1656350852.2365577
-6,256,-25,1656350852.2365577
-10,257,-25,1656350852.2365577
-9,260,-25,1656350852.2374113
-10,256,-23,1656350852.2374113
-9,254,-23,1656350852.2374113
56,1656350852.8753192
-10,254,-23,1656350852.8758872
-8,255,-23,1656350852.8758872
-8,258,-25,1656350852.8758872
-10,258,-24,1656350852.895349
-8,256,-23,1656350852.895349
-9,256,-20,1656350852.895349
-6,257,-22,1656350852.896114
-10,258,-24,1656350852.896114
-9,256,-23,1656350852.896114
-5,259,-25,1656350852.896718
-11,255,-21,1656350852.896718
-7,255,-20,1656350852.896718
-6,256,-23,1656350852.8971164
-5,256,-24,1656350852.8971164
-9,256,-22,1656350852.8971164
-9,256,-25,1656350853.5355237
-8,255,-21,1656350853.5355237
-11,258,-24,1656350853.5355237
-11,255,-26,1656350853.5554104
-10,257,-23,1656350853.5554104
-7,260,-23,1656350853.5554104
-6,258,-23,1656350853.5557826
-8,259,-26,1656350853.5557826
-7,260,-24,1656350853.5557826
-8,258,-24,1656350853.5566313
-11,258,-25,1656350853.5566313
-7,258,-22,1656350853.5566313
-10,257,-25,1656350853.5572338
-14,253,-25,1656350853.5572338
-9,256,-24,1656350853.5572338
-14,254,-34,1656350854.1754692
-10,255,-31,1656350854.1754692
-13,255,-25,1656350854.1754692
-10,255,-23,1656350854.17589
-11,264,-23,1656350854.17589
-6,267,-21,1656350854.17589
-9,267,-21,1656350854.1767197
-11,263,-26,1656350854.1767197
-15,288,-24,1656350854.1767197
-23,270,-37,1656350854.1955304
-20,275,-50,1656350854.1955304
-32,276,-40,1656350854.1955304
-23,277,-21,1656350854.1960514
-22,260,-3,1656350854.1960514
-33,260,0,1656350854.1960514
-110,282,1,1656350854.816053
-115,227,-27,1656350854.816053
-95,223,-33,1656350854.816053
-97,208,-41,1656350854.9154956
-105,191,-72,1656350854.9154956
-127,168,-91,1656350854.9154956
53,1656350854.915647
-132,151,-91,1656350854.9165993
-145,150,-100,1656350854.9165993
-189,149,-113,1656350854.9165993
-203,111,-132,1656350854.917342
-190,101,-117,1656350854.917342
-200,112,-114,1656350854.917342
-204,96,-122,1656350854.9177096
-207,77,-117,1656350854.9177096
-215,55,-116,1656350854.9177096
-225,89,-91,1656350855.4760382
-212,79,-96,1656350855.4760382
-217,107,-82,1656350855.4760382
-226,95,-85,1656350855.4765654
-222,89,-86,1656350855.4765654
-225,81,-89,1656350855.4765654
-223,81,-81,1656350855.4769533
-225,74,-90,1656350855.4769533
-218,87,-86,1656350855.4769533
-232,82,-97,1656350855.4781086
-217,80,-85,1656350855.4781086
-228,86,-87,1656350855.4781086
52,1656350855.4954145
-219,83,-99,1656350855.495687
-227,92,-94,1656350855.495687
-223,79,-96,1656350855.495687
-218,87,-101,1656350856.1156108
-218,79,-102,1656350856.1156108
-220,83,-109,1656350856.1156108
-222,80,-109,1656350856.135508
-218,78,-108,1656350856.135508
-218,81,-109,1656350856.135508
-218,83,-110,1656350856.135988
-215,84,-115,1656350856.135988
-220,88,-114,1656350856.135988
-213,80,-108,1656350856.1368186
-224,83,-108,1656350856.1368186
-217,76,-114,1656350856.1368186
-218,75,-111,1656350856.1372962
-218,80,-110,1656350856.1372962
-222,84,-110,1656350856.1372962
-216,78,-110,1656350856.7754679
-218,80,-113,1656350856.7754679
-220,82,-109,1656350856.7754679
-216,82,-106,1656350856.775908
-218,84,-108,1656350856.775908
-219,87,-108,1656350856.775908
-219,83,-113,1656350856.7769501
-219,85,-118,1656350856.7769501
-218,84,-117,1656350856.7769501
-219,82,-111,1656350856.79551
-217,80,-112,1656350856.79551
-215,79,-113,1656350856.79551
-220,82,-115,1656350856.795893
-213,77,-112,1656350856.795893
-220,76,-114,1656350856.795893
-217,83,-113,1656350857.415555
-217,81,-113,1656350857.415555
-218,79,-116,1656350857.415555
-214,77,-114,1656350857.416119
-218,77,-115,1656350857.416119
-220,81,-115,1656350857.416119
-220,77,-117,1656350857.4355228
-217,75,-113,1656350857.4355228
-218,75,-114,1656350857.4355228
-218,79,-111,1656350857.4360964
-216,76,-110,1656350857.4360964
-221,78,-116,1656350857.4360964
-216,74,-109,1656350857.4369562
-219,75,-114,1656350857.4369562
-218,73,-113,1656350857.4369562
-218,76,-114,1656350858.0755498
-222,76,-113,1656350858.0755498
-215,74,-112,1656350858.0755498
-220,80,-112,1656350858.076097
-217,80,-111,1656350858.076097
-221,73,-109,1656350858.076097
51,1656350858.0763285
-218,73,-108,1656350858.0774627
-219,77,-110,1656350858.0774627
-219,76,-110,1656350858.0774627
-220,77,-111,1656350858.078009
-218,77,-112,1656350858.078009
-220,76,-110,1656350858.078009
-221,75,-109,1656350858.0955458
-222,73,-110,1656350858.0955458
-217,79,-109,1656350858.0955458
-220,71,-111,1656350858.7160935
-217,74,-110,1656350858.7160935
-223,73,-111,1656350858.7160935
-216,70,-112,1656350858.7166386
-223,73,-106,1656350858.7166386
-220,72,-112,1656350858.7166386
-226,71,-112,1656350858.7355685
-220,71,-109,1656350858.7355685
-223,70,-110,1656350858.7355685
-221,72,-110,1656350858.7359037
-223,72,-110,1656350858.7359037
-223,73,-107,1656350858.7359037
-223,72,-109,1656350858.7367165
-224,71,-109,1656350858.7367165
-225,70,-105,1656350858.7367165
-219,75,-107,1656350859.3760624
-227,72,-106,1656350859.3760624
-224,71,-106,1656350859.3760624
-219,71,-106,1656350859.3766294
-226,73,-107,1656350859.3766294
-225,74,-103,1656350859.3766294
-222,72,-108,1656350859.377242
-220,70,-105,1656350859.377242
-222,71,-106,1656350859.377242
-223,73,-106,1656350859.3955102
-224,73,-106,1656350859.3955102
-228,74,-105,1656350859.3955102
-223,74,-105,1656350859.396044
-224,73,-103,1656350859.396044
-223,69,-104,1656350859.396044
-223,71,-106,1656350860.0156286
-223,73,-107,1656350860.0156286
-221,74,-107,1656350860.0156286
-222,72,-106,1656350860.0354507
-221,70,-106,1656350860.0354507
-222,68,-107,1656350860.0354507
-222,74,-106,1656350860.0359995
-224,72,-108,1656350860.0359995
-220,74,-107,1656350860.0359995
-223,73,-108,1656350860.0368233
-221,72,-107,1656350860.0368233
-225,70,-109,1656350860.0368233
-221,73,-106,1656350860.0372715
-225,69,-110,1656350860.0372715
-219,74,-109,1656350860.0372715
-223,72,-111,1656350860.6755657
-220,70,-109,1656350860.6755657
-222,70,-109,1656350860.6755657
-222,72,-111,1656350860.6760762
-226,69,-109,1656350860.6760762
-221,73,-113,1656350860.6760762
-222,72,-113,1656350860.6769369
-224,69,-111,1656350860.6769369
-223,68,-107,1656350860.6769369
-221,70,-106,1656350860.695418
-222,73,-109,1656350860.695418
-224,67,-109,1656350860.695418
-224,73,-112,1656350860.6959772
-222,75,-108,1656350860.6959772
-221,75,-106,1656350860.6959772
-221,71,-105,1656350861.3157022
-223,71,-111,1656350861.3157022
-224,69,-108,1656350861.3157022
-221,70,-106,1656350861.3361733
-221,74,-106,1656350861.3361733
-226,68,-105,1656350861.3361733
-225,73,-106,1656350861.3555465
-227,73,-106,1656350861.3555465
-222,72,-105,1656350861.3555465
-223,77,-105,1656350861.3756094
-221,72,-104,1656350861.3756094
-223,75,-103,1656350861.3756094
-227,75,-103,1656350861.3759124
-221,72,-99,1656350861.3759124
-225,73,-102,1656350861.3759124
-226,72,-101,1656350861.9754174
-227,73,-98,1656350861.9754174
-227,76,-94,1656350861.9754174
-225,76,-97,1656350861.9759676
-225,73,-100,1656350861.9759676
-226,78,-98,1656350861.9759676
-227,77,-99,1656350861.9766784
-229,75,-97,1656350861.9766784
-228,75,-93,1656350861.9766784
-228,74,-95,1656350861.9955158
-226,74,-97,1656350861.9955158
-231,75,-96,1656350861.9955158
-229,72,-93,1656350861.9960532
-228,76,-95,1656350861.9960532
-228,74,-94,1656350861.9960532
-226,76,-94,1656350862.6156247
-229,72,-95,1656350862.6156247
-232,77,-97,1656350862.6156247
-229,75,-96,1656350862.6354973
-227,76,-96,1656350862.6354973
-227,73,-95,1656350862.6354973
-226,73,-96,1656350862.6360614
-228,74,-95,1656350862.6360614
-228,74,-94,1656350862.6360614
-228,69,-95,1656350862.6368895
-227,74,-96,1656350862.6368895
-225,74,-94,1656350862.6368895
-229,74,-94,1656350862.637411
-231,76,-95,1656350862.637411
-224,77,-95,1656350862.637411
-225,77,-93,1656350863.2760386
-229,79,-96,1656350863.2760386
-228,76,-94,1656350863.2760386
-229,72,-98,1656350863.276583
-224,76,-95,1656350863.276583
-226,73,-94,1656350863.276583
-227,74,-94,1656350863.2774465
-229,72,-96,1656350863.2774465
-227,73,-99,1656350863.2774465
-228,74,-94,1656350863.2955081
-226,71,-101,1656350863.2955081
-224,71,-97,1656350863.2955081
-229,77,-98,1656350863.296173
-227,75,-99,1656350863.296173
-226,73,-95,1656350863.296173
-229,74,-96,1656350863.9156702
-228,74,-100,1656350863.9156702
-227,75,-98,1656350863.9156702
-227,73,-97,1656350863.9755874
-232,74,-98,1656350863.9755874
-226,70,-100,1656350863.9755874
-229,69,-98,1656350863.976092
-225,73,-98,1656350863.976092
-230,71,-98,1656350863.976092
-229,71,-97,1656350863.9767432
-227,73,-100,1656350863.9767432
-228,72,-97,1656350863.9767432
51,1656350863.977056
-229,71,-99,1656350863.9778361
-227,72,-100,1656350863.9778361
-225,72,-99,1656350863.9778361
-226,73,-98,1656350864.5955656
-231,77,-99,1656350864.5955656
-227,69,-98,1656350864.5955656
-226,72,-99,1656350864.596036
-227,69,-99,1656350864.596036
-228,71,-100,1656350864.596036
-223,72,-98,1656350864.5968368
-225,73,-98,1656350864.5968368
-227,72,-97,1656350864.5968368
-224,77,-99,1656350864.5973396
-225,73,-101,1656350864.5973396
-230,77,-101,1656350864.5973396
-228,71,-102,1656350864.5982482
-228,70,-99,1656350864.5982482
-226,67,-100,1656350864.5982482
-229,72,-103,1656350865.2160738
-227,70,-99,1656350865.2160738
-224,73,-100,1656350865.2160738
-228,73,-99,1656350865.2354202
-225,73,-98,1656350865.2354202
-231,68,-100,1656350865.2354202
-221,65,-98,1656350865.235964
-228,72,-102,1656350865.235964
-230,69,-106,1656350865.235964
-226,71,-102,1656350865.2366714
-224,67,-105,1656350865.2366714
-224,78,-106,1656350865.2366714
-224,74,-111,1656350865.2372532
-226,71,-109,1656350865.2372532
-225,76,-108,1656350865.2372532
-225,76,-107,1656350865.8756938
-220,73,-112,1656350865.8756938
-219,70,-111,1656350865.8756938
-220,77,-113,1656350865.876111
-224,76,-114,1656350865.876111
-220,75,-109,1656350865.876111
-222,73,-115,1656350865.8767395
-218,70,-111,1656350865.8767395
-222,78,-110,1656350865.8767395
-220,77,-112,1656350865.8955402
-217,73,-112,1656350865.8955402
-217,84,-113,1656350865.8955402
-213,73,-110,1656350865.8960526
-219,70,-111,1656350865.8960526
-220,78,-113,1656350865.8960526
-222,75,-112,1656350866.515646
-221,67,-111,1656350866.515646
-221,67,-109,1656350866.515646
-222,75,-109,1656350866.5161726
-222,76,-110,1656350866.5161726
-223,70,-106,1656350866.5161726
-221,79,-113,1656350866.535543
-221,71,-111,1656350866.535543
-223,76,-113,1656350866.535543
-221,73,-110,1656350866.5359573
-225,70,-111,1656350866.5359573
-226,68,-107,1656350866.5359573
-224,65,-109,1656350866.5365958
-223,68,-109,1656350866.5365958
-219,68,-108,1656350866.5365958
-223,67,-106,1656350867.1756234
-226,72,-113,1656350867.1756234
-222,68,-112,1656350867.1756234
-223,72,-108,1656350867.175974
-221,65,-109,1656350867.175974
-225,63,-109,1656350867.175974
-225,60,-111,1656350867.1766999
-222,53,-114,1656350867.1766999
-223,57,-114,1656350867.1766999
-222,67,-115,1656350867.177377
-221,60,-113,1656350867.177377
-221,65,-116,1656350867.177377
-224,79,-114,1656350867.178134
-218,82,-120,1656350867.178134
-223,65,-120,1656350867.178134
-220,60,-117,1656350867.8156495
-221,67,-114,1656350867.8156495
-218,66,-109,1656350867.8156495
-222,64,-117,1656350867.8160465
-215,62,-111,1656350867.8160465
-219,65,-114,1656350867.8160465
-221,66,-115,1656350867.835486
-218,69,-116,1656350867.835486
-220,67,-117,1656350867.835486
-221,66,-118,1656350867.8359704
-224,63,-114,1656350867.8359704
-225,66,-117,1656350867.8359704
-223,67,-113,1656350867.836691
-221,57,-114,1656350867.836691
-218,61,-108,1656350867.836691
