,gyro_x_delta,gryo_y_delta,gyro_z_delta,abs_delta_sum,current_HR,HR_change_rate,activity
0,-5,164,197,388,0,,5
1,1,-3,3,11,0,,5
2,-4,5,0,23,0,,5
3,8,-13,8,31,0,,5
4,-9,17,-20,58,0,,5
5,3,-9,7,43,0,,5
6,15,5,-2,124,0,,5
7,-15,-2,2,29,0,,5
8,-5,25,-13,57,0,,5
9,8,-21,12,41,0,,5
10,-5,4,-3,20,0,,5
11,6,-8,9,29,0,,5
12,-2,0,-5,23,0,,5
13,-2,1,2,15,0,,5
14,1,3,1,17,0,,5
15,-1,0,0,17,0,,5
16,0,-1,-3,20,0,,5
17,1,4,-3,16,0,,5
18,-1,-4,4,13,0,,5
19,-1,7,-4,18,0,,5
20,6,0,-2,16,0,,5
21,-2,-1,2,19,0,,5
22,1,-1,1,21,0,,5
23,-2,1,-3,14,0,,5
24,-2,-1,1,16,0,,5
25,-2,0,-1,17,0,,5
26,3,2,1,14,0,,5
27,2,-2,4,20,0,,5
28,-2,3,-3,22,0,,5
29,0,-4,0,26,0,,5
30,-3,1,0,10,0,,5
31,2,-3,0,11,0,,5
32,-2,1,1,14,0,,5
33,-1,-1,-1,17,0,,5
34,-1,3,0,18,0,,5
35,0,3,1,26,0,,5
36,2,-3,-2,19,0,,5
37,-4,2,1,19,0,,5
38,6,-1,-1,16,0,,5
39,1,1,-2,20,0,,5
40,-2,4,1,25,0,,5
41,-2,-6,1,17,0,,5
42,0,-1,-1,24,0,,5
43,1,1,4,12,0,,5
44,-4,-2,-5,35,0,,5
45,4,2,4,24,0,,5
46,1,-1,-2,16,0,,5
47,2,-8,6,36,0,,5
48,-1,5,-8,42,0,,5
49,3,-2,8,17,0,,5
50,5,-3,10,56,0,,5
51,-7,4,-8,23,0,,5
52,0,-3,-1,16,0,,5
53,-9,-2,-4,37,0,,5
54,9,2,6,23,0,,5
55,-3,1,-5,27,0,,5
56,0,-1,1,24,0,,5
57,0,0,2,22,0,,5
58,1,1,3,23,0,,5
59,2,3,-4,19,0,,5
60,-5,-5,2,18,0,,5
61,3,4,0,9,0,,5
62,-1,-5,1,21,0,,5
63,-2,6,-1,17,0,,5
64,2,-4,0,16,0,,5
65,0,2,-4,16,0,,5
66,1,-1,1,7,0,,5
67,2,0,3,13,0,,5
68,-4,0,1,11,0,,5
69,0,1,-5,16,0,,5
70,1,-1,2,8,0,,5
71,-1,0,3,12,0,,5
72,-2,1,-1,16,0,,5
73,1,-3,-2,20,0,,5
74,-1,3,0,16,0,,5
75,5,-3,2,12,0,,5
76,-4,5,-1,12,0,,5
77,3,-3,-2,16,0,,5
78,0,2,1,11,0,,5
79,-3,1,1,13,0,,5
80,4,1,-3,28,0,,5
81,-3,-2,0,29,0,,5
82,3,1,5,17,0,,5
83,-1,-2,-2,17,0,,5
84,-2,-1,1,24,0,,5
85,0,2,-2,18,0,,5
86,5,-3,3,19,0,,5
87,-4,1,-4,25,0,,5
88,1,1,3,13,0,,5
89,1,2,-1,18,0,,5
90,-2,-3,1,18,0,,5
91,-2,-1,0,9,0,,5
92,0,1,-3,22,0,,5
93,3,-2,0,19,0,,5
94,-2,3,-1,12,0,,5
95,0,-3,2,15,0,,5
96,2,2,2,22,0,,5
97,-1,-2,0,17,0,,5
98,0,0,-2,8,0,,5
99,2,3,0,21,0,,5
100,-5,1,-1,19,0,,5
101,5,-2,1,22,0,,5
102,-4,2,-1,9,0,,5
103,1,-1,1,23,0,,5
104,0,1,0,17,0,,5
105,-1,-4,0,15,0,,5
106,2,3,1,12,0,,5
107,-2,1,-3,14,0,,5
108,2,-3,1,26,0,,5
109,-1,-2,0,25,0,,5
110,-1,3,0,18,0,,5
111,0,1,2,25,0,,5
112,1,4,-6,25,0,,5
113,0,-5,4,17,0,,5
114,-5,-6,7,34,0,,5
115,-4,6,0,30,0,,5
116,2,-10,2,26,0,,5
117,-4,-1,-2,13,0,,5
118,-1,11,-1,29,0,,5
119,-1,-5,-2,22,0,,5
120,-2,7,-4,29,0,,5
121,-5,2,-4,37,0,,5
122,-3,0,-4,33,0,,5
123,4,2,5,17,0,,5
124,3,1,-5,15,0,,5
125,-5,-1,3,27,0,,5
126,-1,-4,5,44,0,,5
127,-2,5,-9,28,0,,5
128,4,2,6,18,0,,5
129,-3,-5,1,19,0,,5
130,0,-2,-2,26,0,,5
131,0,3,0,23,0,,5
132,-3,-4,-2,19,0,,5
133,-5,9,-1,35,0,,5
134,0,-1,1,12,0,,5
135,-2,4,-5,19,0,,5
136,-2,-3,4,23,0,,5
137,3,-7,-2,22,0,,5
138,0,2,8,22,0,,5
139,0,1,-6,23,0,,5
140,3,-1,-1,15,0,,5
141,-2,-1,2,35,0,,5
142,0,3,-2,19,0,,5
143,2,-6,4,18,0,,5
144,-1,2,-1,22,0,,5
145,0,4,1,17,0,,5
146,-2,0,-6,26,0,,5
147,0,1,4,19,0,,5
148,-3,2,-4,17,0,,5
149,1,-4,4,23,0,,5
150,3,2,3,26,0,,5
151,0,1,-4,19,0,,5
152,-3,-8,2,45,0,,5
153,3,7,-2,22,0,,5
154,-2,-2,-2,20,0,,5
155,0,3,-2,13,0,,5
156,4,7,-2,19,0,,5
157,1,-2,2,15,0,,5
158,-2,-3,1,12,0,,5
159,1,2,-3,16,0,,5
160,-6,-11,-5,52,0,,5
161,2,8,5,23,0,,5
162,3,-1,0,18,0,,5
163,-3,3,-2,18,0,,5
164,7,-2,2,25,0,,5
165,-5,-1,1,7,0,,5
166,1,1,3,7,0,,5
167,0,-1,0,13,0,,5
168,0,2,-3,15,0,,5
169,0,-1,1,8,0,,5
170,-4,1,-1,14,0,,5
171,2,-1,1,14,0,,5
172,1,-3,2,20,0,,5
173,1,2,1,14,0,,5
174,-3,-3,0,20,0,,5
175,0,-1,-4,85,0,,5
176,2,3,2,19,0,,5
177,-2,1,0,15,0,,5
178,5,0,-2,21,0,,5
179,-1,-1,2,14,0,,5
180,-6,0,0,22,0,,5
181,6,1,1,32,0,,5
182,0,0,-3,21,0,,5
183,-1,2,3,20,0,,5
184,1,-3,-1,13,0,,5
185,-2,0,-3,19,0,,5
186,0,2,0,18,0,,5
187,4,0,5,35,0,,5
188,-2,1,-4,23,0,,5
189,0,-1,3,8,0,,5
190,-2,0,-1,13,0,,5
191,3,-1,3,15,0,,5
192,1,2,-3,20,0,,5
193,-2,-4,1,15,0,,5
194,-1,1,1,17,0,,5
195,-1,-1,1,9,0,,5
196,-1,-1,-3,27,0,,5
197,4,1,2,63,0,,5
198,-2,0,-2,28,0,,5
199,0,-1,4,17,0,,5
200,-1,6,-3,20,0,,5
201,-1,-1,-3,25,0,,5
202,0,-1,3,18,0,,5
203,-4,3,-6,33,0,,5
204,5,-1,3,25,0,,5
205,-2,-2,-2,22,0,,5
206,5,2,2,15,0,,5
207,-5,-1,4,20,0,,5
208,6,-1,1,26,0,,5
209,-5,2,-3,22,0,,5
210,0,-1,-2,13,0,,5
211,4,-3,2,13,0,,5
212,-3,2,-1,12,0,,5
213,3,-4,5,66,0,,5
214,-1,6,-3,28,0,,5
215,1,6,-6,31,0,,5
216,-2,-7,5,20,0,,5
217,-2,0,-3,15,0,,5
218,7,4,1,20,0,,5
219,-6,-7,1,18,0,,5
220,2,-2,3,27,0,,5
221,-1,5,-3,23,0,,5
222,-2,-2,1,17,0,,5
223,0,0,0,0,75,74900.0,5
224,1,0,0,9,0,,5
225,2,3,-2,15,0,,5
226,-1,0,2,15,0,,5
227,0,-2,0,28,0,,5
228,-1,1,-3,13,0,,5
229,-1,-5,3,17,0,,5
230,-2,1,-2,31,0,,5
231,5,1,2,14,0,,5
232,-2,1,-5,24,0,,5
233,1,2,5,20,0,,5
234,-1,-5,-1,17,0,,5
235,-2,7,2,15,0,,5
236,4,-3,-1,18,0,,5
237,3,-1,0,26,0,,5
238,-3,-1,1,13,0,,5
239,5,1,0,20,0,,5
240,-5,1,-1,11,0,,5
241,3,-2,0,13,0,,5
242,-9,3,-14,36,0,,5
243,6,-2,14,46,0,,5
244,2,-1,-3,34,0,,5
245,-3,1,2,38,0,,5
246,2,2,-2,14,0,,5
247,0,0,2,20,0,,5
248,0,-2,0,14,0,,5
249,-4,0,3,23,0,,5
250,4,8,3,35,0,,5
251,-1,-5,-5,39,0,,5
252,-4,-6,-4,18,0,,5
253,4,8,-1,31,0,,5
254,-7,2,0,37,0,,5
255,5,-9,7,31,0,,5
256,-4,5,-1,30,0,,5
257,11,-4,2,35,0,,5
258,-2,1,-3,30,0,,5
259,-2,1,0,17,0,,5
260,2,1,2,13,0,,5
261,-2,4,-1,21,0,,5
262,0,0,0,0,75,74900.0,5
263,1,-3,-5,25,0,,5
264,0,7,-9,38,0,,5
265,-1,-5,16,64,0,,5
266,1,-3,-6,26,0,,5
267,-2,-1,0,25,0,,5
268,1,4,1,20,0,,5
269,-4,0,-4,10,0,,5
270,5,-1,4,24,0,,5
271,1,3,-1,23,0,,5
272,-3,-5,0,16,0,,5
273,0,2,-1,13,0,,5
274,0,5,-1,24,0,,5
275,5,-5,1,25,0,,5
276,-1,-3,1,15,0,,5
277,-6,3,0,19,0,,5
278,-1,-1,-1,21,0,,5
279,0,0,0,0,74,73900.0,5
280,4,-3,-2,43,0,,5
281,-3,7,0,20,0,,5
282,2,-4,3,15,0,,5
283,1,7,-1,19,0,,5
284,-4,-5,-4,31,0,,5
285,-2,-2,3,23,0,,5
286,4,1,0,17,0,,5
287,-2,0,2,18,0,,5
288,-1,2,-2,19,0,,5
289,3,-3,0,14,0,,5
290,0,-2,-1,23,0,,5
291,0,0,0,0,73,72900.0,5
292,-3,5,1,21,0,,5
293,2,-2,3,15,0,,5
294,0,-1,-2,21,0,,5
295,-1,7,-6,18,0,,5
296,1,-1,1,19,0,,5
297,-1,0,0,21,0,,5
298,2,-4,5,25,0,,5
299,-3,4,-2,31,0,,5
300,2,-3,3,20,0,,5
301,3,1,0,22,0,,5
302,1,-2,-3,18,0,,5
303,0,0,1,25,0,,5
304,0,1,-1,14,0,,5
305,-3,-3,2,22,0,,5
306,3,1,-1,15,0,,5
307,0,-1,1,16,0,,5
308,-3,4,-4,23,0,,5
309,0,-4,4,22,0,,5
310,0,1,-3,22,0,,5
311,2,3,3,14,0,,5
312,-3,-1,-3,11,0,,5
313,0,3,-1,8,0,,5
314,1,-2,2,29,0,,5
315,3,1,0,12,0,,5
316,-1,-1,3,19,0,,5
317,-2,-4,-3,23,0,,5
318,3,1,3,21,0,,5
319,-1,-2,-1,32,0,,5
320,0,0,0,0,72,71900.0,5
321,-6,7,-1,16,0,,5
322,7,0,3,28,0,,5
323,-2,0,-4,24,0,,5
324,-3,0,-9,40,0,,5
325,3,-1,12,20,0,,5
326,-2,3,-9,24,0,,5
327,0,-10,5,19,0,,5
328,4,4,1,27,0,,5
329,-3,0,0,19,0,,5
330,1,1,2,24,0,,5
331,1,-2,-5,20,0,,5
332,-1,3,1,19,0,,5
333,-1,3,1,13,0,,5
334,3,-3,0,10,0,,5
335,-2,-2,-3,13,0,,5
336,0,0,0,0,73,72900.0,5
337,0,3,3,10,0,,5
338,1,-3,1,29,0,,5
339,-1,7,0,14,0,,5
340,-2,-5,0,15,0,,5
341,3,-1,0,20,0,,5
342,-1,1,-1,15,0,,5
343,0,4,1,23,0,,5
344,0,-4,-1,19,0,,5
345,-4,-2,2,28,0,,5
346,2,8,-3,27,0,,5
347,1,-9,2,18,0,,5
348,0,0,0,0,72,71900.0,5
349,-4,11,-3,22,0,,5
350,-3,-5,-2,20,0,,5
351,-2,-1,0,13,0,,5
352,2,3,-1,14,0,,5
353,-1,-5,-2,28,0,,5
354,1,0,2,9,0,,5
355,-5,5,-2,28,0,,5
356,1,-1,3,15,0,,5
357,4,-1,0,19,0,,5
358,1,-2,-2,15,0,,5
359,-1,5,2,14,0,,5
360,-1,1,-1,19,0,,5
361,3,-2,1,14,0,,5
362,1,-1,-3,11,0,,5
363,-2,2,-1,15,0,,5
364,-1,-1,4,22,0,,5
365,3,3,-4,14,0,,5
366,-1,-4,3,18,0,,5
367,-2,2,-1,9,0,,5
368,1,-2,-1,14,0,,5
369,0,4,1,11,0,,5
370,1,-6,2,17,0,,5
371,1,3,-1,9,0,,5
372,-2,0,2,18,0,,5
373,3,-3,1,19,0,,5
374,-1,3,-4,18,0,,5
375,-1,-1,2,14,0,,5
376,-1,-1,1,13,0,,5
377,3,1,0,18,0,,5
378,-1,2,1,16,0,,5
379,-2,-1,-3,14,0,,5
380,1,0,0,19,0,,5
381,3,-1,3,21,0,,5
382,-2,2,-3,11,0,,5
383,-1,-3,-2,16,0,,5
384,1,5,4,16,0,,5
385,-4,-1,-5,22,0,,5
386,7,1,3,29,0,,5
387,-6,-5,-1,18,0,,5
388,0,0,2,24,0,,5
389,4,0,-1,23,0,,5
390,0,0,0,0,71,70900.0,5
391,1,1,-1,11,0,,5
392,3,2,2,17,0,,5
393,-1,-1,1,15,0,,5
394,0,0,0,0,71,70900.0,5
395,0,0,0,0,70,69900.0,5
